-1539.54192
10114.23
3932.9302
-10140.5
91.63559
6970.9787
225.5
-18971.596
-2.498911e-04
-8.850084e+03
1547.37412
-5798.550
-1.778501e+04
-6918.0145
5025.84891
3.544967e-04
-11480.34138
-3043.91
21954.524
3726
1636
6.406866e-05
-1.534541e+02
13046
4.432515e-04
5.784937e+03
20065.02515
3286
5464.3
-9319.37
-4095.8041
3270.063
10045.01
10429
17187.48900
3694.88
1.940288e+03
-10400.8067
-2.243897e-04
-1269.320
1.788395e+04
2878.496
15532.006
2.087885e-04
-1804.6
-1.391836e-04
-4083.0
-9.251224e-05
7049.61
1.105199e-04
-11247.2981
28947.3711
-1.957884e-03
-522.41
13531.756
8102.7639
-1.306964e-04
1666.5160
-898.4
-1918.7493
6507.74
15063
-6.434376e-05
7119.917
-19542.4197
-3200
-9433.7
-9.116963e+03
-250.30
-5775.43986
-9712
13746
-1824.038
3.285636e-04
6.759055e+02
13377
3.456451e+03
-2403.74
-3325.430
-5544
-3304.034
18503
-5375.0
-5426.37672
2296.30
-2.158650e+04
1.995846e+03
3152.28
4765.9342
3945
7829.89587
1.457826e+04
9597
-2567.9
-360.4
-2.941518e+03
-24263
1.989598e+04
-2236.201
-20278.79596